401810858
401810921
401810922
401810923
401810924
401810925
401810926
401810927
401810928
401810929
401810930
401810931
401810932
401810933
401810934
401810935
401810936
401810937
401810938
401810939
401810940
401810941
401810942
401810943
401810944
401810945
401810946
401810947
401810948
401810949
401810950
401810951
401810952
401810953
401810954
401810955
401810956
401810957
401810958
401810959
401810960
401810961
401810962
401810963
401810964
401810965
401810967
401810968
401810969
401810970
401810971
401810972
401810973
401810974
401810975
401810976
401810977
401810978
401810979
401810980
401810981
401810982
401810983
401810984
401810985
401810986
401810987
401810988
401810989
401810990
401810991
401810992
401810993
401810994
401810995
401810996
401810997
401810998
401810999
401811000
401811001
401811002
401811003
401811004
401811005
401811006
401811007
401811008
401811009
401811010
401811011
401811012
401811013
401811014
401811015
401811016
401811017
401811018
401811019
401811020
401811021
401811022
401811023
401811024
401811025
401858694
